#Teff logg Av Rv A(F275W) A(F336W) A(F475W) A(F814W) A(F110W) A(F160W) (F275W-F336W)0 E(F275W-F336W) (F275W-F475W)0 E(F275W-F475W) (F336W-F475W)0 E(F336W-F475W) (F275W-F814W)0 E(F275W-F814W) (F336W-F814W)0 E(F336W-F814W) (F475W-F814W)0 E(F475W-F814W) (F275W-F110W)0 E(F275W-F110W) (F336W-F110W)0 E(F336W-F110W) (F475W-F110W)0 E(F475W-F110W) (F814W-F110W)0 E(F814W-F110W) (F275W-F160W)0 E(F275W-F160W) (F336W-F160W)0 E(F336W-F160W) (F475W-F160W)0 E(F475W-F160W) (F814W-F160W)0 E(F814W-F160W) (F110W-F160W)0 E(F110W-F160W) 
  3500 4.5 1.0 3.1   1.433   1.623   1.167   0.58   0.327   0.202   4.271 -0.190   6.075 0.266   1.804 0.456   9.043 0.853   4.772 1.043   2.968 0.587   10.047 1.106   5.776 1.296   3.972 0.840   1.004 0.253   10.645 1.231   6.374 1.421   4.570 0.965   1.602 0.378   0.598 0.125   
  3500 4.5 1.0 5.0   1.186   1.341   1.106   0.644   0.379   0.234   4.271 -0.155   6.075 0.080   1.804 0.235   9.043 0.542   4.772 0.697   2.968 0.462   10.047 0.807   5.776 0.962   3.972 0.727   1.004 0.265   10.645 0.952   6.374 1.107   4.570 0.872   1.602 0.410   0.598 0.145   
  3500 2.0 1.0 3.1   1.076   1.61   1.157   0.577   0.322   0.202   4.093 -0.534   6.680 -0.081   2.587 0.453   9.917 0.499   5.824 1.033   3.237 0.580   11.139 0.754   7.046 1.288   4.459 0.835   1.222 0.255   12.095 0.874   8.002 1.408   5.415 0.955   2.178 0.375   0.956 0.120   
  3500 2.0 1.0 5.0   0.981   1.338   1.1   0.642   0.373   0.234   4.093 -0.357   6.680 -0.119   2.587 0.238   9.917 0.339   5.824 0.696   3.237 0.458   11.139 0.608   7.046 0.965   4.459 0.727   1.222 0.269   12.095 0.747   8.002 1.104   5.415 0.866   2.178 0.408   0.956 0.139   
  4000 4.5 1.0 3.1   1.634   1.629   1.166   0.592   0.327   0.203   3.920 0.005   5.852 0.468   1.932 0.463   8.239 1.042   4.319 1.037   2.387 0.574   9.030 1.307   5.110 1.302   3.178 0.839   0.791 0.265   9.799 1.431   5.879 1.426   3.947 0.963   1.560 0.389   0.769 0.124   
  4000 4.5 1.0 5.0   1.289   1.343   1.105   0.654   0.379   0.235   3.920 -0.054   5.852 0.184   1.932 0.238   8.239 0.635   4.319 0.689   2.387 0.451   9.030 0.910   5.110 0.964   3.178 0.726   0.791 0.275   9.799 1.054   5.879 1.108   3.947 0.870   1.560 0.419   0.769 0.144   
  4000 2.0 1.0 3.1   1.33   1.622   1.155   0.593   0.325   0.202   4.294 -0.292   6.888 0.175   2.594 0.467   9.223 0.737   4.929 1.029   2.335 0.562   10.047 1.005   5.753 1.297   3.159 0.830   0.824 0.268   10.910 1.128   6.616 1.420   4.022 0.953   1.687 0.391   0.863 0.123   
  4000 2.0 1.0 5.0   1.137   1.341   1.099   0.656   0.376   0.234   4.294 -0.204   6.888 0.038   2.594 0.242   9.223 0.481   4.929 0.685   2.335 0.443   10.047 0.761   5.753 0.965   3.159 0.723   0.824 0.280   10.910 0.903   6.616 1.107   4.022 0.865   1.687 0.422   0.863 0.142   
  5000 4.5 1.0 3.1   1.909   1.653   1.177   0.602   0.332   0.204   2.220 0.256   3.106 0.732   0.886 0.476   4.595 1.307   2.375 1.051   1.489 0.575   5.077 1.577   2.857 1.321   1.971 0.845   0.482 0.270   5.640 1.705   3.420 1.449   2.534 0.973   1.045 0.398   0.563 0.128   
  5000 4.5 1.0 5.0   1.408   1.347   1.112   0.663   0.384   0.236   2.220 0.061   3.106 0.296   0.886 0.235   4.595 0.745   2.375 0.684   1.489 0.449   5.077 1.024   2.857 0.963   1.971 0.728   0.482 0.279   5.640 1.172   3.420 1.111   2.534 0.876   1.045 0.427   0.563 0.148   
  5000 2.0 1.0 3.1   1.888   1.65   1.173   0.602   0.332   0.204   2.231 0.238   3.391 0.715   1.160 0.477   4.889 1.286   2.658 1.048   1.498 0.571   5.372 1.556   3.141 1.318   1.981 0.841   0.483 0.270   5.910 1.684   3.679 1.446   2.519 0.969   1.021 0.398   0.538 0.128   
  5000 2.0 1.0 5.0   1.4   1.347   1.109   0.663   0.384   0.236   2.231 0.053   3.391 0.291   1.160 0.238   4.889 0.737   2.658 0.684   1.498 0.446   5.372 1.016   3.141 0.963   1.981 0.725   0.483 0.279   5.910 1.164   3.679 1.111   2.519 0.873   1.021 0.427   0.538 0.148   
  7500 4.5 1.0 3.1   1.999   1.664   1.207   0.609   0.341   0.205   0.562 0.335   0.514 0.792   -0.048 0.457   0.990 1.390   0.428 1.055   0.476 0.598   1.098 1.658   0.536 1.323   0.584 0.866   0.108 0.268   1.259 1.794   0.697 1.459   0.745 1.002   0.269 0.404   0.161 0.136   
  7500 4.5 1.0 5.0   1.444   1.349   1.131   0.67   0.395   0.238   0.562 0.095   0.514 0.313   -0.048 0.218   0.990 0.774   0.428 0.679   0.476 0.461   1.098 1.049   0.536 0.954   0.584 0.736   0.108 0.275   1.259 1.206   0.697 1.111   0.745 0.893   0.269 0.432   0.161 0.157   
  7500 2.0 1.0 3.1   1.996   1.66   1.214   0.607   0.344   0.205   0.720 0.336   1.385 0.782   0.665 0.446   1.668 1.389   0.948 1.053   0.283 0.607   1.793 1.652   1.073 1.316   0.408 0.870   0.125 0.263   1.881 1.791   1.161 1.455   0.496 1.009   0.213 0.402   0.088 0.139   
  7500 2.0 1.0 5.0   1.444   1.348   1.136   0.668   0.398   0.238   0.720 0.096   1.385 0.308   0.665 0.212   1.668 0.776   0.948 0.680   0.283 0.468   1.793 1.046   1.073 0.950   0.408 0.738   0.125 0.270   1.881 1.206   1.161 1.110   0.496 0.898   0.213 0.430   0.088 0.160   
 10000 4.5 1.0 3.1   2.037   1.667   1.219   0.613   0.346   0.205   0.015 0.370   -0.173 0.818   -0.188 0.448   -0.209 1.424   -0.224 1.054   -0.036 0.606   -0.246 1.691   -0.261 1.321   -0.073 0.873   -0.037 0.267   -0.259 1.832   -0.274 1.462   -0.086 1.014   -0.050 0.408   -0.013 0.141   
 10000 4.5 1.0 5.0   1.46   1.349   1.139   0.673   0.4   0.238   0.015 0.111   -0.173 0.321   -0.188 0.210   -0.209 0.787   -0.224 0.676   -0.036 0.466   -0.246 1.060   -0.261 0.949   -0.073 0.739   -0.037 0.273   -0.259 1.222   -0.274 1.111   -0.086 0.901   -0.050 0.435   -0.013 0.162   
 10000 2.0 1.0 3.1   2.032   1.667   1.221   0.61   0.347   0.205   0.079 0.365   -0.147 0.811   -0.226 0.446   -0.162 1.422   -0.241 1.057   -0.015 0.611   -0.208 1.685   -0.287 1.320   -0.061 0.874   -0.046 0.263   -0.226 1.827   -0.305 1.462   -0.079 1.016   -0.064 0.405   -0.018 0.142   
 10000 2.0 1.0 5.0   1.458   1.349   1.14   0.67   0.402   0.238   0.079 0.109   -0.147 0.318   -0.226 0.209   -0.162 0.788   -0.241 0.679   -0.015 0.470   -0.208 1.056   -0.287 0.947   -0.061 0.738   -0.046 0.268   -0.226 1.220   -0.305 1.111   -0.079 0.902   -0.064 0.432   -0.018 0.164   
 15000 4.5 1.0 3.1   2.05   1.671   1.225   0.615   0.347   0.205   -0.300 0.379   -1.274 0.825   -0.974 0.446   -1.504 1.435   -1.204 1.056   -0.230 0.610   -1.676 1.703   -1.376 1.324   -0.402 0.878   -0.172 0.268   -1.747 1.845   -1.447 1.466   -0.473 1.020   -0.243 0.410   -0.071 0.142   
 15000 4.5 1.0 5.0   1.465   1.35   1.142   0.675   0.402   0.238   -0.300 0.115   -1.274 0.323   -0.974 0.208   -1.504 0.790   -1.204 0.675   -0.230 0.467   -1.676 1.063   -1.376 0.948   -0.402 0.740   -0.172 0.273   -1.747 1.227   -1.447 1.112   -0.473 0.904   -0.243 0.437   -0.071 0.164   
 20000 4.5 1.0 3.1   2.059   1.674   1.228   0.616   0.349   0.206   -0.473 0.385   -1.796 0.831   -1.323 0.446   -2.132 1.443   -1.659 1.058   -0.336 0.612   -2.372 1.710   -1.899 1.325   -0.576 0.879   -0.240 0.267   -2.472 1.853   -1.999 1.468   -0.676 1.022   -0.340 0.410   -0.100 0.143   
 20000 4.5 1.0 5.0   1.468   1.351   1.144   0.676   0.404   0.239   -0.473 0.117   -1.796 0.324   -1.323 0.207   -2.132 0.792   -1.659 0.675   -0.336 0.468   -2.372 1.064   -1.899 0.947   -0.576 0.740   -0.240 0.272   -2.472 1.229   -1.999 1.112   -0.676 0.905   -0.340 0.437   -0.100 0.165   
 30000 4.5 1.0 3.1   2.068   1.676   1.231   0.618   0.349   0.206   -0.639 0.392   -2.329 0.837   -1.690 0.445   -2.795 1.450   -2.156 1.058   -0.466 0.613   -3.119 1.719   -2.480 1.327   -0.790 0.882   -0.324 0.269   -3.263 1.862   -2.624 1.470   -0.934 1.025   -0.468 0.412   -0.144 0.143   
 30000 4.5 1.0 5.0   1.472   1.351   1.146   0.677   0.405   0.239   -0.639 0.121   -2.329 0.326   -1.690 0.205   -2.795 0.795   -2.156 0.674   -0.466 0.469   -3.119 1.067   -2.480 0.946   -0.790 0.741   -0.324 0.272   -3.263 1.233   -2.624 1.112   -0.934 0.907   -0.468 0.438   -0.144 0.166   
 40000 4.5 1.0 3.1   2.07   1.676   1.232   0.619   0.351   0.206   -0.674 0.394   -2.506 0.838   -1.832 0.444   -3.013 1.451   -2.339 1.057   -0.507 0.613   -3.359 1.719   -2.685 1.325   -0.853 0.881   -0.346 0.268   -3.515 1.864   -2.841 1.470   -1.009 1.026   -0.502 0.413   -0.156 0.145   
 40000 4.5 1.0 5.0   1.474   1.35   1.147   0.678   0.406000000000001   0.238   -0.674 0.124   -2.506 0.327   -1.832 0.203   -3.013 0.796   -2.339 0.672   -0.507 0.469   -3.359 1.068   -2.685 0.944   -0.853 0.741   -0.346 0.272   -3.515 1.236   -2.841 1.112   -1.009 0.909   -0.502 0.440   -0.156 0.168   
